496 186 638 179 473 304 682 293 453 411 694 409 536 395 617 392 531 557 631 551 562 693 643 703 
501 184 638 179 484 300 682 291 457 411 691 405 538 397 616 395 533 551 630 551 570 685 643 703 
508 179 634 179 495 296 675 288 470 410 673 398 538 396 614 395 529 544 628 545 579 679 643 703 
511 177 624 179 504 291 652 288 484 405 643 393 538 394 611 394 528 540 625 540 577 678 644 699 
512 177 610 180 511 292 630 291 493 401 598 373 538 395 607 397 524 528 619 535 558 664 644 691 
513 188 588 189 516 300 598 295 499 406 571 377 538 398 600 398 522 521 615 535 540 649 646 686 
513 201 566 195 515 315 586 311 500 415 550 379 532 412 586 406 522 526 606 534 536 644 646 680 
510 208 555 201 512 318 566 308 500 417 540 381 523 411 571 404 519 527 584 525 533 646 637 654 
506 213 535 207 512 319 546 307 503 417 531 382 516 409 547 401 512 521 544 505 537 641 584 605 
502 211 520 212 513 317 535 311 500 415 513 394 511 408 530 401 504 523 527 507 535 644 564 592 
499 211 501 214 513 317 513 313 498 414 494 397 504 408 509 402 501 524 494 500 535 645 525 598 
498 213 481 219 522 316 496 313 496 409 474 384 507 408 497 406 500 521 477 502 530 636 504 611 
498 219 463 229 525 319 475 320 498 411 455 385 508 409 480 407 501 521 451 500 532 637 471 597 
501 231 441 243 527 323 453 327 509 413 437 390 508 409 472 407 498 522 447 504 533 637 456 602 
501 245 424 254 530 329 432 331 524 418 422 397 507 408 467 407 486 520 447 504 532 634 456 602 
494 262 412 267 530 340 417 340 535 426 409 410 506 408 462 406 474 515 441 505 525 627 457 604 
486 276 398 283 528 350 404 351 543 433 402 419 507 408 460 408 473 508 438 503 513 615 454 605 
478 291 394 301 526 364 394 364 545 439 397 430 505 410 456 413 472 505 434 503 494 607 457 606 
477 308 387 321 526 383 390 384 545 453 396 447 504 415 455 418 473 501 433 501 490 605 456 604 
475 324 386 334 520 392 388 399 541 462 401 462 501 421 453 425 471 503 431 502 489 605 457 605 
476 336 386 351 516 405 389 416 538 474 408 481 500 428 452 432 471 505 428 503 489 604 458 606 
476 349 386 359 514 414 389 419 536 481 411 480 497 427 449 430 471 506 424 505 488 603 457 606 
477 356 386 367 512 422 391 426 536 486 413 483 495 428 448 432 472 506 424 505 488 604 457 606 
478 359 385 374 512 427 394 434 535 488 415 489 495 431 448 436 471 506 424 505 488 604 457 607 
478 365 385 376 512 434 395 435 535 496 414 485 495 433 447 438 472 508 425 506 488 604 457 607 
478 364 386 378 513 434 397 437 535 497 414 487 495 435 449 440 472 508 426 506 488 604 457 607 
478 365 389 376 516 435 398 433 535 498 416 484 499 434 449 437 476 508 425 506 489 604 456 606 
480 365 390 377 520 433 400 434 535 497 418 486 505 434 455 437 483 506 426 505 489 603 456 605 
483 361 391 374 523 432 400 431 535 499 420 482 507 433 457 436 491 505 427 503 492 598 455 603 
488 356 394 372 525 430 406 436 535 500 424 490 516 432 464 436 501 504 430 504 501 598 455 602 
494 354 398 371 529 430 412 438 536 499 426 491 522 432 468 437 504 511 435 505 512 609 454 602 
501 353 403 371 535 430 421 444 540 501 432 504 530 433 474 438 516 516 438 505 516 613 454 601 
508 351 410 369 542 429 423 443 545 502 435 507 536 433 479 438 521 515 440 505 518 616 456 601 
513 347 417 368 549 428 425 441 553 501 439 509 543 432 486 438 526 516 443 503 517 617 464 601 
518 345 422 367 556 427 428 441 559 500 448 504 548 432 492 438 526 517 448 503 518 619 475 604 
524 344 426 366 560 427 431 436 561 502 452 503 550 432 496 438 525 518 456 503 518 620 479 611 
527 342 428 365 564 426 435 434 567 501 457 501 551 432 498 437 525 519 461 508 517 621 480 616 
530 341 433 364 570 425 439 430 573 501 461 494 555 433 503 438 524 519 463 512 516 623 480 622 
531 341 434 363 572 424 443 431 578 500 466 494 555 435 503 440 522 519 464 517 516 624 480 625 
534 342 436 364 576 425 444 432 582 502 466 494 555 438 503 442 522 519 462 518 515 624 479 626 
535 345 438 365 582 425 446 434 586 503 469 499 556 442 505 446 518 520 461 520 515 625 479 625 
536 349 439 368 587 425 447 437 587 504 469 501 557 447 506 450 515 521 460 520 515 625 479 625 
537 354 442 369 593 425 446 437 590 505 468 500 558 453 508 454 510 521 459 519 515 625 480 625 
539 362 446 372 599 427 447 438 593 505 472 499 562 461 514 460 505 521 459 518 515 625 480 625 
543 367 448 379 605 429 451 443 596 506 472 503 563 471 516 472 504 519 457 514 512 625 480 623 
546 372 453 381 610 431 452 444 599 508 470 502 567 481 522 483 502 518 457 514 512 624 480 623 
553 377 460 383 615 435 453 445 599 509 469 501 568 489 522 489 498 517 456 513 514 622 479 622 
555 376 464 384 617 435 456 447 598 509 468 509 570 491 523 490 500 515 456 507 518 622 476 620 
557 375 467 385 619 435 460 450 600 509 468 518 572 488 525 486 500 513 456 502 519 623 454 615 
557 372 469 385 617 435 464 452 601 509 469 524 572 489 527 487 498 511 454 501 518 622 439 615 
556 372 469 387 615 434 468 458 601 508 469 525 572 492 527 491 497 507 449 502 518 619 431 615 
554 373 468 391 614 434 470 462 600 508 469 525 571 494 527 494 497 505 448 502 510 619 431 615 
554 373 465 394 612 433 467 463 600 508 468 528 571 493 527 494 496 505 446 502 503 625 431 616 
549 372 461 394 612 430 460 461 599 506 467 526 570 492 527 494 497 504 444 502 501 626 431 616 
546 372 455 393 610 429 447 459 599 504 464 516 566 492 523 493 492 505 441 501 500 627 431 616 
544 372 452 392 604 429 439 454 593 504 456 514 561 492 516 492 488 505 436 501 500 628 430 616 
544 372 451 388 597 431 434 450 584 506 450 513 556 492 507 491 485 505 427 501 500 630 429 618 
544 370 451 382 591 437 432 445 572 509 444 511 551 493 499 492 481 506 417 502 491 629 427 618 
546 370 452 376 587 442 431 439 563 511 435 503 545 494 494 491 475 507 407 502 464 630 425 619 
548 370 453 373 585 445 428 433 558 513 427 495 541 494 489 491 473 516 400 501 445 631 421 620 
549 373 453 371 583 449 425 430 554 516 420 492 535 496 482 491 470 520 397 500 441 633 417 620 
549 376 452 370 581 450 420 429 550 518 415 489 528 497 476 491 463 519 398 498 434 636 409 623 
544 378 447 370 576 450 414 429 548 518 414 491 520 497 469 491 458 518 398 499 437 639 395 624 
537 378 439 371 572 449 408 430 547 518 413 493 515 496 465 491 455 518 398 505 436 640 383 631 
530 378 432 372 568 448 402 431 545 517 408 493 513 496 463 491 453 516 398 509 436 643 373 632 
522 377 425 372 562 447 397 433 541 517 405 497 508 494 457 491 452 516 394 514 436 645 365 641 
517 376 420 373 557 447 393 435 538 517 401 498 504 493 451 490 450 516 390 516 435 647 360 647 
512 375 414 373 550 447 390 439 532 517 396 499 496 494 442 491 449 516 382 517 435 648 356 650 
507 374 409 373 545 447 387 442 528 517 391 503 491 494 436 492 446 517 374 517 434 647 352 655 
501 373 403 373 537 446 383 445 520 517 386 506 485 494 430 494 438 513 367 517 432 647 352 655 
495 372 396 375 528 446 378 448 514 517 380 508 480 495 424 495 431 513 362 517 431 646 354 654 
491 371 391 376 523 446 373 449 507 518 373 510 475 495 420 496 433 513 358 517 430 649 353 653 
486 371 387 377 519 446 367 450 505 519 368 511 472 495 416 496 432 514 354 518 428 653 352 653 
483 371 383 378 516 446 365 450 504 519 363 511 469 496 413 498 430 516 350 518 427 657 352 653 
481 371 380 378 516 446 361 450 504 519 360 511 468 498 411 498 430 519 348 519 428 663 351 654 
481 371 379 378 517 446 359 449 504 519 357 511 467 499 410 498 428 524 345 519 428 671 350 655 
480 371 378 377 519 445 359 449 505 519 356 512 467 500 410 499 428 525 342 519 429 672 349 656 
479 370 377 377 520 443 359 449 505 519 355 513 466 501 410 500 428 525 340 520 430 676 349 657 
479 369 377 377 521 442 359 451 505 519 355 514 467 503 410 501 429 526 338 520 430 679 348 657 
479 368 378 377 522 442 360 451 505 519 357 514 467 503 411 501 427 526 337 520 430 678 347 658 
478 368 379 377 522 442 361 452 505 519 359 516 469 503 412 501 423 526 337 520 430 677 346 659 
479 367 379 377 523 442 362 453 506 520 360 516 469 503 415 502 421 526 339 520 433 676 346 659 
480 367 380 377 523 442 362 453 506 520 363 518 473 503 420 503 420 526 340 521 435 677 346 659 
480 365 383 377 525 441 367 453 510 520 369 517 478 503 425 503 420 525 343 521 437 675 346 659 
482 364 388 378 530 440 373 453 513 520 375 517 484 503 431 503 420 529 347 521 438 676 347 659 
488 363 394 378 536 440 379 453 520 520 382 517 490 503 436 503 423 530 353 521 437 678 347 659 
496 362 401 378 542 440 385 453 524 520 388 516 497 503 443 502 430 529 360 521 437 678 347 659 
503 363 406 378 548 440 392 453 529 520 393 517 502 503 448 501 434 529 365 521 441 677 347 659 
508 363 411 378 553 440 398 454 532 520 398 518 507 503 452 501 443 529 367 521 455 671 349 659 
512 363 416 378 556 440 401 454 534 520 399 519 511 503 455 500 442 528 370 519 467 664 358 657 
517 363 420 378 559 440 402 454 536 515 396 518 513 502 457 500 448 528 372 518 468 659 374 650 
519 363 421 378 564 439 401 453 536 505 395 513 514 502 456 499 453 528 373 518 470 657 385 649 
521 363 423 374 566 438 402 442 532 493 384 491 512 502 456 499 457 528 372 518 475 653 391 647 
520 363 423 373 566 436 400 436 518 486 376 481 510 503 455 499 458 529 370 518 480 652 396 645 
518 363 423 371 564 436 396 429 501 489 373 479 509 505 455 499 457 530 370 520 483 649 400 645 
516 363 421 370 562 437 385 429 496 493 374 482 508 505 454 499 456 533 369 525 484 650 402 644 
514 363 416 371 561 438 376 431 494 496 376 485 508 506 453 500 456 533 369 527 484 649 401 644 
507 365 407 371 560 439 371 433 494 497 376 487 505 507 451 500 455 533 369 530 485 650 401 644 
493 365 397 373 558 438 366 433 493 497 377 488 498 506 447 500 455 533 368 531 484 649 402 644 
491 366 387 373 555 437 362 433 492 497 375 489 492 505 440 499 454 536 368 533 484 650 401 643 
486 359 379 365 546 430 358 429 488 494 372 487 488 492 433 490 454 537 368 535 484 651 400 643 
483 340 377 346 537 415 357 416 485 489 369 481 490 470 433 472 458 537 368 534 485 651 399 643 
479 317 376 326 528 399 357 398 485 478 362 472 490 451 434 456 460 536 368 534 486 651 399 644 
476 289 377 303 520 375 357 380 487 457 350 459 485 437 427 443 464 536 368 533 486 652 400 644 
476 267 375 282 521 350 356 360 504 439 336 434 480 424 422 429 466 535 372 532 488 650 400 644 
479 239 377 257 526 317 351 337 540 402 312 410 477 411 418 415 467 534 376 531 489 648 400 644 
481 228 377 244 529 293 347 320 569 369 300 388 471 402 409 407 467 533 382 530 488 649 399 644 
482 222 379 236 536 282 342 310 591 344 287 370 468 403 406 405 468 532 387 529 488 648 400 644 
483 217 379 233 545 267 334 301 608 311 273 353 466 400 404 402 471 530 392 527 488 648 401 645 
483 217 379 232 553 255 327 294 626 287 263 335 465 402 404 404 475 530 394 526 489 648 401 645 
484 216 379 229 558 243 327 281 637 267 262 317 465 399 402 400 476 529 395 525 489 648 402 645 
484 214 378 229 562 235 322 275 652 247 256 305 463 400 400 402 477 527 394 525 489 649 401 645 
484 214 378 228 569 231 323 267 665 233 257 289 463 398 398 399 477 521 394 523 488 648 401 645 
484 211 378 227 572 221 318 263 673 218 246 279 462 397 397 398 476 521 394 523 489 648 402 645 
485 210 378 226 572 215 317 258 671 203 248 269 459 398 395 398 475 522 395 523 489 648 402 645 
485 210 378 225 570 208 314 254 669 192 244 262 458 399 394 400 475 522 394 524 489 648 402 644 
485 210 377 223 569 205 312 251 664 188 239 258 457 400 393 401 476 523 394 525 490 648 403 645 
485 209 376 223 568 202 310 250 658 187 237 256 458 399 393 400 476 523 394 526 490 648 403 645 
484 208 374 222 568 199 309 249 656 184 236 254 457 399 392 400 476 523 394 527 490 648 403 646 
484 208 373 222 567 198 308 250 655 183 238 256 457 398 392 399 476 523 394 527 490 648 403 646 
484 208 373 222 567 195 308 250 656 184 240 255 456 398 392 399 475 524 394 527 490 648 403 646 
484 208 372 222 567 195 308 251 657 183 240 255 456 398 391 399 475 524 394 527 490 648 403 646 
484 208 372 222 567 195 309 252 655 184 242 256 456 398 391 399 475 524 394 527 490 648 403 646 
484 208 372 223 566 196 310 253 655 184 243 257 456 398 391 399 475 524 394 527 489 649 403 646 
482 208 371 223 565 195 310 253 655 182 243 257 456 398 391 399 475 524 394 527 489 649 403 646 
482 208 372 223 565 195 310 254 654 182 244 257 456 398 391 399 475 525 394 527 489 649 403 646 
481 206 372 223 565 195 310 254 654 184 242 259 456 398 392 399 475 525 394 527 489 649 403 646 
481 206 373 223 565 197 313 255 656 186 242 262 456 398 392 399 475 526 394 527 489 649 403 646 
480 206 375 223 563 215 313 261 654 213 242 275 456 399 394 399 475 526 393 527 489 649 403 646 
480 208 375 224 557 237 314 272 639 250 242 297 458 401 397 402 475 527 393 528 489 649 403 646 
477 216 373 233 544 271 323 295 593 329 257 341 462 407 403 410 474 532 389 530 489 650 402 646 
473 232 370 250 531 297 331 323 562 372 278 380 469 413 408 416 474 538 384 533 489 652 402 647 
469 259 368 268 527 330 339 344 528 420 301 415 476 420 411 425 472 538 379 533 489 652 401 647 
465 277 367 288 519 356 346 368 501 448 321 442 477 430 416 435 470 537 371 533 489 651 400 648 
465 300 366 305 519 382 353 384 485 466 346 458 478 443 419 446 463 539 370 533 487 651 400 648 
465 318 366 323 521 396 359 402 483 475 363 475 478 453 422 456 461 544 371 534 486 651 400 647 
469 333 368 339 522 408 360 412 484 484 367 479 483 465 425 467 459 545 371 536 485 651 400 647 
473 349 371 350 533 419 360 419 485 489 368 486 483 476 426 477 457 546 371 537 485 651 399 647 
477 357 376 361 540 427 360 428 488 493 368 489 485 484 429 483 454 545 371 538 483 650 398 646 
483 363 382 368 545 433 362 433 491 495 370 488 489 492 432 489 454 545 371 537 483 651 398 646 
489 364 389 372 549 435 366 434 494 496 374 486 493 499 436 494 455 545 372 536 483 651 399 646 
495 364 396 374 552 439 374 437 496 495 378 487 498 502 442 496 459 542 374 535 483 652 399 646 
502 365 403 372 553 442 382 435 497 493 383 487 500 505 444 498 461 537 377 533 484 651 399 645 
508 363 410 368 554 440 388 434 498 491 389 487 502 502 445 497 467 533 381 529 484 651 399 645 
514 363 416 367 557 439 393 433 499 489 392 485 504 500 448 495 470 530 385 526 484 650 400 645 
520 363 421 367 562 440 396 433 502 489 396 483 506 501 449 497 471 525 389 522 484 650 400 645 
526 364 427 368 566 440 401 432 507 487 401 482 509 500 452 496 473 523 393 519 485 650 400 645 
530 364 433 367 570 440 406 430 511 486 404 481 513 501 458 496 477 521 397 515 486 650 400 643 
535 365 438 367 574 439 411 430 517 485 408 480 516 501 461 496 481 521 401 514 487 650 401 642 
540 365 444 368 578 439 417 430 522 485 414 479 521 503 466 497 485 521 404 512 488 649 403 640 
545 365 450 369 582 439 422 430 526 484 417 479 527 505 473 498 488 522 407 510 489 648 404 639 
549 364 457 368 585 439 428 429 529 484 420 479 527 504 474 497 491 519 411 507 490 648 405 638 
552 364 462 368 588 439 432 429 532 484 424 478 530 503 477 496 493 517 415 506 492 648 407 636 
554 364 465 367 589 440 435 429 531 484 427 478 533 503 481 496 494 516 416 505 497 644 415 634 
556 363 466 367 589 440 436 428 532 484 428 478 534 503 481 496 495 516 418 505 502 638 422 634 
557 363 468 367 589 440 437 428 531 484 429 477 537 502 484 496 494 517 418 506 504 636 426 633 
558 363 467 366 589 439 437 426 530 485 430 476 538 503 486 495 494 518 419 507 504 637 431 633 
556 363 465 366 589 439 434 425 529 485 429 474 537 503 485 496 495 518 419 510 507 636 436 632 
555 363 462 367 589 439 432 425 530 485 427 474 537 503 484 496 496 521 419 512 508 635 439 631 
553 364 457 370 589 438 430 426 530 485 426 475 536 504 483 498 496 522 418 514 508 635 440 630 
544 365 447 371 588 436 423 428 529 486 426 476 536 505 483 499 496 522 419 514 509 635 440 629 
532 367 437 373 587 434 412 431 528 486 424 477 529 504 476 500 491 522 419 514 508 635 439 629 
519 369 426 376 583 431 403 431 526 486 422 478 523 504 470 500 486 524 419 517 507 635 438 629 
510 369 416 377 577 428 393 431 523 486 416 478 519 501 468 498 482 528 418 523 507 636 437 630 
500 366 407 376 572 426 385 431 516 486 411 478 517 489 468 487 478 529 414 521 507 636 438 630 
496 355 398 371 563 419 381 427 509 484 407 478 518 472 466 473 478 530 410 521 506 636 437 630 
486 329 390 343 539 396 383 415 503 470 403 473 509 450 458 457 479 530 410 520 506 636 437 630 
480 306 388 322 525 382 381 396 500 461 401 464 503 432 453 440 480 527 410 520 507 637 437 629 
476 281 385 298 510 365 383 373 495 448 399 451 497 415 449 423 481 525 412 519 506 636 437 629 
470 259 381 276 501 345 382 351 491 430 393 431 491 403 441 411 483 521 414 519 507 636 437 629 
473 245 375 261 501 329 378 336 488 412 385 414 481 400 428 408 483 522 416 519 507 636 437 628 
473 235 374 251 501 317 372 328 482 400 375 403 472 403 420 407 480 523 419 521 505 637 437 628 
468 230 370 246 501 313 364 326 481 393 367 401 463 403 413 405 470 523 419 522 498 635 438 629 
465 227 368 243 500 313 359 324 480 392 357 401 459 402 408 403 456 523 419 520 484 631 437 629 
459 226 364 244 492 311 353 324 479 393 343 402 453 402 404 402 443 522 419 519 462 631 437 629 
453 224 356 245 486 310 345 327 479 394 334 406 450 400 400 400 436 522 418 518 444 635 434 629 
450 225 349 243 481 313 338 325 480 400 328 402 447 401 394 403 432 524 418 524 429 643 430 639 
448 228 343 243 478 318 332 325 482 405 318 403 442 405 388 408 426 533 416 533 417 662 429 641 
444 229 335 239 474 323 328 324 483 408 310 405 438 406 381 409 417 535 410 533 406 677 432 617 
440 224 330 232 471 323 323 321 484 410 304 405 430 405 372 408 407 536 397 534 402 682 428 614 
439 211 325 220 464 313 314 312 480 408 297 402 424 404 359 405 404 541 357 537 402 682 416 610 
435 201 318 212 460 308 308 307 474 407 290 398 418 405 349 406 410 552 329 536 403 682 395 611 
430 192 311 205 456 301 302 305 460 405 283 398 411 402 339 404 412 552 309 538 405 679 367 626 
423 187 297 204 450 299 291 307 445 404 274 400 401 404 325 405 411 552 293 542 404 683 331 669 
413 182 288 202 444 294 280 306 428 402 262 400 396 404 318 405 408 559 286 558 402 690 288 704 
403 181 273 206 433 293 264 310 410 399 248 411 391 408 308 414 404 563 282 582 402 689 262 721 
385 176 253 205 417 293 244 316 391 398 234 421 371 412 283 420 396 569 265 598 401 693 256 727 
