545 113 611 128 532 236 628 243 480 339 595 335 536 332 580 337 534 476 523 457 636 615 532 580 
542 113 577 121 529 237 585 243 477 339 544 335 529 331 558 333 502 467 521 456 597 592 534 577 
534 113 539 116 524 237 536 234 476 338 513 325 516 325 534 322 476 454 517 450 542 575 535 573 
518 112 492 113 518 231 487 224 476 333 463 312 499 325 480 323 494 446 441 440 526 575 475 563 
500 111 476 112 512 230 480 222 477 333 459 312 478 325 472 324 447 442 471 441 416 560 508 569 
481 113 451 120 499 230 456 224 476 334 429 311 467 325 452 325 438 438 454 443 447 555 468 568 
458 117 426 128 481 229 428 224 473 336 395 308 449 326 427 326 430 439 417 443 500 558 371 554 
436 124 405 133 462 232 404 228 461 339 371 307 423 326 397 326 402 442 379 442 495 540 365 552 
422 129 378 134 447 234 382 228 445 341 351 301 400 326 376 321 365 443 379 426 367 547 423 498 
412 130 360 133 435 235 364 229 425 341 331 297 384 326 349 319 348 444 335 421 365 550 384 498 
407 132 342 133 428 236 337 229 403 338 303 299 373 327 329 319 347 445 296 413 367 549 339 499 
401 134 313 133 420 237 302 229 392 333 278 301 365 327 313 318 352 443 265 407 361 548 296 500 
390 137 290 133 408 237 276 228 384 331 257 302 355 325 300 315 343 440 253 405 361 549 266 505 
378 143 270 134 395 239 250 226 383 330 231 302 343 323 280 313 330 438 245 411 358 548 229 510 
365 154 249 139 385 247 225 226 381 330 206 307 331 324 266 314 324 439 233 417 352 545 224 511 
346 164 231 154 372 251 201 232 379 333 185 317 313 323 251 315 309 434 224 422 336 537 224 516 
329 174 218 170 358 257 188 243 369 340 172 328 298 323 236 317 295 429 217 428 309 526 221 523 
316 192 207 193 347 268 177 270 355 351 163 344 289 323 226 317 283 420 217 421 283 522 217 523 
313 213 201 211 337 283 169 285 340 361 156 364 280 323 219 318 274 417 214 419 270 519 221 523 
310 237 198 230 326 304 167 304 321 377 156 377 271 327 213 322 272 420 216 421 263 521 222 525 
308 251 195 249 316 315 165 316 310 384 156 386 266 329 209 325 269 422 214 420 259 521 221 525 
304 262 197 257 310 327 169 326 300 392 161 395 263 330 206 326 262 417 211 416 260 522 219 525 
305 272 197 263 306 337 168 334 298 398 163 402 262 334 205 329 263 420 207 413 257 522 215 524 
306 279 196 277 305 343 169 349 296 406 172 415 261 338 203 334 263 423 208 415 256 523 218 524 
306 284 198 280 305 349 171 348 295 409 175 414 260 342 203 339 263 424 211 417 256 523 220 524 
308 287 200 280 308 354 173 349 298 411 177 419 262 347 205 342 262 425 211 417 256 524 216 524 
309 284 201 283 310 350 176 357 299 411 180 429 263 351 206 347 265 427 211 424 260 523 218 525 
310 282 204 282 313 348 178 357 302 406 185 428 265 352 208 348 266 427 211 426 261 523 219 525 
311 281 204 279 315 347 178 353 304 406 188 424 267 352 210 348 278 423 212 426 266 519 219 525 
315 280 209 276 318 345 182 349 305 405 190 421 271 350 215 348 292 421 212 425 288 519 220 525 
324 278 220 272 325 345 189 346 307 408 193 418 277 349 223 347 301 421 217 424 305 519 220 525 
332 276 229 272 333 344 200 345 314 412 199 416 287 350 232 349 310 424 222 425 311 527 221 525 
345 275 238 271 346 344 208 344 326 421 206 415 301 351 245 349 317 424 230 425 316 529 229 526 
353 274 247 271 358 344 216 344 341 417 210 414 309 351 253 349 326 424 242 424 316 529 236 523 
361 271 256 267 367 342 221 339 355 414 217 414 316 352 258 349 333 424 252 422 318 530 252 523 
368 270 260 265 373 342 226 339 363 413 225 414 321 352 262 349 335 427 268 422 316 532 270 525 
371 267 264 264 380 341 232 339 370 412 232 413 326 351 268 348 334 433 277 425 314 534 277 527 
372 265 266 262 382 339 236 338 375 411 238 412 328 351 272 347 339 432 283 425 315 534 282 528 
373 264 266 262 384 339 237 338 377 411 240 411 329 353 273 348 341 434 286 425 315 535 285 529 
375 265 267 262 387 340 238 338 381 411 243 411 332 355 276 351 343 433 285 425 314 535 284 530 
375 265 266 262 389 341 238 338 383 411 244 410 334 355 277 351 340 434 285 426 315 535 285 533 
374 269 265 265 390 342 236 338 385 411 242 409 335 359 278 355 340 437 278 430 314 536 283 534 
374 273 263 268 391 343 233 337 384 411 240 409 335 362 277 357 338 437 279 430 314 537 284 535 
373 279 262 272 392 345 231 337 385 413 239 409 335 368 277 363 337 440 279 435 313 537 285 536 
371 283 262 279 395 347 227 338 384 414 238 409 336 379 277 375 337 442 278 438 313 537 285 537 
368 285 260 286 397 349 221 342 384 417 237 411 336 386 277 384 336 439 277 437 314 537 283 537 
362 288 257 293 398 349 215 346 384 417 237 412 335 395 276 396 336 431 277 429 317 537 283 537 
356 291 254 299 398 349 211 351 384 417 237 417 336 396 276 399 335 428 276 428 319 535 282 537 
353 289 252 295 396 347 210 352 384 417 237 417 335 394 276 398 333 428 276 427 320 534 269 537 
350 287 249 292 395 344 212 352 383 416 236 419 335 394 277 397 330 427 274 427 320 533 255 537 
347 286 245 292 394 344 213 354 383 415 238 420 335 396 277 398 327 426 260 428 319 531 240 539 
340 286 239 296 394 341 212 358 383 413 238 420 335 395 277 398 326 421 253 427 319 532 237 542 
337 287 234 298 392 339 205 358 383 411 238 420 335 394 277 398 326 421 252 427 319 535 238 542 
331 287 229 299 387 338 195 360 382 410 237 420 335 392 276 399 325 420 251 426 321 537 237 542 
328 286 225 299 382 338 190 361 377 410 234 420 332 392 273 399 323 420 249 427 321 538 237 542 
327 286 225 298 375 338 187 360 372 410 227 420 324 394 266 401 322 421 244 430 321 538 236 543 
328 284 226 295 370 343 186 357 365 411 220 419 318 395 260 401 320 421 237 432 321 539 232 545 
330 283 228 287 365 346 187 352 358 413 213 418 312 397 254 401 317 421 231 432 320 540 228 548 
332 283 229 283 362 350 188 346 352 416 207 416 308 399 252 401 318 431 221 436 305 546 227 550 
332 283 231 281 359 354 190 343 347 417 203 415 306 403 250 402 318 436 220 436 299 555 229 552 
332 286 231 281 357 358 191 342 343 419 200 415 302 406 244 404 313 438 225 433 298 561 230 551 
333 290 231 280 355 361 188 343 341 421 197 416 297 407 240 405 309 438 228 430 296 566 232 554 
333 292 232 281 353 362 183 343 340 422 195 420 295 406 235 404 306 436 229 428 297 568 233 560 
333 293 230 281 352 361 178 343 340 422 192 422 296 405 234 404 307 436 229 431 297 571 240 569 
331 292 226 282 351 360 175 345 338 422 191 426 296 405 235 405 308 436 229 434 297 573 242 574 
328 292 220 282 349 360 171 350 338 422 191 430 295 405 233 405 312 440 230 442 298 575 242 584 
324 290 215 282 347 359 169 354 337 421 190 433 293 406 232 408 316 443 230 444 298 577 241 591 
319 289 208 283 344 359 169 358 337 423 190 437 292 407 231 411 321 444 231 446 298 578 240 595 
313 288 203 283 339 359 169 362 337 424 189 440 290 410 230 415 327 447 232 448 299 577 240 603 
307 286 198 283 334 359 167 366 338 429 187 444 289 411 228 418 329 448 233 451 300 576 239 604 
304 285 193 283 330 361 164 367 336 433 185 447 288 411 227 420 330 447 232 450 307 574 239 603 
301 285 189 283 325 363 161 369 331 433 183 449 286 412 224 422 331 446 233 451 319 577 239 605 
299 285 186 285 323 365 157 370 330 434 180 451 284 412 222 423 332 446 233 454 330 587 239 607 
299 285 186 285 322 365 154 370 329 434 177 452 284 413 221 425 332 448 232 455 341 593 238 606 
299 284 187 286 323 365 153 370 329 434 176 451 284 414 221 425 332 450 231 455 351 597 238 605 
301 284 189 286 325 365 155 369 330 434 174 450 285 416 221 425 333 455 231 458 356 602 238 607 
302 283 191 286 327 364 156 369 331 434 174 450 285 417 222 426 334 455 230 458 358 603 238 608 
305 283 191 286 332 364 157 368 334 433 175 450 287 418 222 426 337 456 229 458 358 607 238 609 
308 283 193 286 339 363 158 368 342 431 176 449 292 420 224 427 341 458 228 458 360 609 238 609 
312 283 194 286 343 362 162 369 346 430 176 450 295 421 226 428 344 460 228 458 358 608 237 610 
314 283 196 286 345 362 165 370 350 429 180 450 300 421 229 429 345 459 228 457 356 605 237 610 
316 283 198 287 347 362 168 372 352 429 185 450 304 421 233 429 346 458 228 457 354 604 237 610 
318 283 200 288 349 362 171 373 354 429 189 450 308 421 238 430 347 459 230 457 354 603 237 609 
320 282 203 288 352 361 173 373 357 429 193 449 312 421 242 430 347 459 234 458 354 602 237 609 
322 282 207 288 355 360 176 373 359 429 196 449 314 421 246 429 348 459 237 460 355 603 237 610 
325 282 211 288 358 359 178 373 363 428 200 449 316 421 249 429 349 459 240 460 355 603 237 610 
327 282 216 289 362 359 182 372 365 427 203 447 319 421 252 429 350 459 243 460 354 603 237 610 
330 281 220 289 367 357 186 371 369 427 206 445 320 420 255 428 351 460 245 461 354 600 238 610 
335 280 224 289 372 357 190 370 372 427 209 444 323 420 258 427 352 458 249 460 354 592 238 609 
338 280 227 288 375 356 194 368 376 426 212 443 326 420 260 426 353 456 249 457 352 584 240 603 
341 280 231 287 378 356 197 366 380 426 213 441 327 420 261 425 356 455 251 452 352 581 244 594 
344 280 234 284 380 354 198 359 388 417 210 427 328 420 261 424 361 454 251 450 352 580 247 590 
345 280 236 283 381 349 198 352 391 404 209 413 328 420 260 423 365 454 250 449 352 576 248 583 
348 280 237 282 388 346 196 349 388 398 209 404 328 421 259 423 369 454 248 449 352 570 249 576 
350 279 237 281 396 346 196 349 385 399 212 404 327 421 259 423 368 460 245 456 352 568 249 574 
352 279 238 281 402 346 194 351 384 400 221 408 328 421 258 423 367 462 244 460 352 568 249 575 
353 279 238 281 408 348 189 352 384 405 225 411 329 421 258 422 366 462 244 461 351 568 249 574 
354 280 237 284 411 351 185 353 383 411 227 413 329 421 258 423 366 462 244 461 351 568 249 574 
355 282 237 286 413 354 183 354 383 414 229 414 330 422 258 425 366 461 244 460 351 568 249 575 
356 281 238 286 412 352 183 353 382 415 230 414 331 421 258 424 365 461 244 462 351 568 249 576 
361 277 241 281 413 349 185 347 382 414 230 413 333 415 259 416 365 459 244 462 351 568 250 576 
364 262 243 258 411 341 189 336 381 411 231 412 333 394 259 393 365 456 244 461 351 568 250 576 
367 238 244 233 409 324 195 322 381 403 230 407 333 376 260 376 365 453 244 459 351 568 249 576 
368 210 245 207 407 301 200 299 386 387 223 393 334 360 261 361 367 452 246 457 351 569 249 577 
369 183 244 180 407 277 204 268 405 360 207 361 339 347 265 347 368 450 247 454 351 568 249 577 
369 161 244 158 407 253 202 246 429 335 180 339 342 337 268 339 368 448 247 454 351 568 249 577 
369 141 243 137 410 225 202 220 449 305 162 309 344 328 269 327 367 448 247 451 352 568 249 577 
370 130 243 129 421 211 197 211 472 282 135 290 348 321 272 323 367 446 249 449 352 568 249 577 
370 129 243 126 434 200 183 197 496 256 117 263 350 318 274 320 366 446 252 449 354 566 249 576 
371 127 243 124 442 187 173 187 514 234 97 239 353 317 278 320 363 444 257 445 354 566 249 575 
371 124 242 121 452 171 157 169 535 205 62 207 355 314 280 317 361 442 262 444 354 566 249 575 
372 122 241 119 460 160 149 158 541 187 43 186 354 314 281 317 360 442 263 445 354 566 249 575 
372 120 240 118 463 150 142 149 546 171 33 167 355 315 281 318 360 443 262 446 352 567 249 575 
373 119 240 115 464 143 147 139 551 159 41 152 355 315 281 318 359 443 261 446 351 567 249 575 
373 118 240 115 466 140 151 130 557 149 53 137 354 317 280 319 358 443 261 447 351 567 249 575 
374 118 240 113 467 135 150 127 560 137 50 123 354 318 279 319 358 444 260 448 351 567 250 575 
375 118 240 113 470 134 150 124 562 132 50 116 354 318 279 320 357 444 260 448 350 567 250 575 
375 117 240 112 469 131 150 121 561 128 48 114 353 318 279 320 356 444 260 448 350 567 250 574 
376 117 241 112 471 130 149 121 565 127 46 114 353 318 279 321 356 444 260 449 350 568 250 574 
377 116 240 112 473 130 146 120 566 127 44 112 353 319 279 321 356 444 260 449 350 568 250 574 
377 116 241 112 474 130 146 120 569 128 45 114 353 319 279 321 356 445 260 450 350 568 250 574 
377 116 241 112 474 129 146 121 569 128 43 113 353 319 278 322 356 446 260 451 350 568 250 574 
377 116 241 112 474 129 146 122 565 127 43 114 353 320 278 322 356 447 260 453 350 568 250 575 
377 116 241 112 473 129 147 123 562 126 46 117 353 320 278 322 356 448 260 453 350 568 250 575 
377 116 241 112 473 128 147 124 562 126 47 117 353 320 278 322 356 448 260 453 350 568 250 575 
378 115 241 112 473 126 147 124 563 126 47 117 353 320 278 322 356 449 260 455 350 568 250 575 
378 115 241 112 473 127 148 125 565 127 47 120 353 320 278 322 356 450 259 455 350 568 249 575 
378 114 241 112 473 128 148 127 568 129 48 126 352 320 277 322 356 450 259 456 350 568 249 575 
377 115 241 112 472 140 149 138 567 156 48 151 351 320 276 322 356 451 258 456 350 568 249 575 
377 115 241 113 462 164 149 156 542 191 48 186 351 321 276 323 357 451 257 457 350 568 249 575 
377 123 241 120 443 185 160 177 513 233 84 223 348 325 273 326 359 451 255 457 350 568 249 575 
376 138 240 136 431 212 170 206 491 287 109 274 346 329 269 331 359 449 254 456 350 568 249 577 
376 161 240 161 420 242 184 235 450 327 143 316 343 338 268 340 359 450 250 459 350 568 249 578 
375 187 241 182 412 273 193 270 421 361 177 357 340 347 266 348 360 450 249 459 350 568 248 578 
374 213 241 208 409 295 198 294 392 385 203 387 337 360 263 359 362 454 248 461 350 568 248 578 
371 232 241 226 408 313 201 315 379 396 226 402 336 369 263 370 362 459 246 463 350 569 248 578 
369 249 241 248 412 326 200 331 380 403 234 409 335 382 262 384 365 461 246 462 351 569 248 578 
367 262 241 265 414 336 197 342 382 407 236 416 335 395 262 397 366 465 247 469 352 569 248 578 
364 271 240 276 415 341 195 351 381 412 237 418 336 408 262 410 368 464 248 468 352 569 249 578 
361 277 240 283 415 345 194 357 383 411 237 421 336 412 262 416 367 457 251 467 352 569 249 578 
358 280 240 288 413 351 193 361 380 412 238 422 335 414 261 419 367 457 251 467 352 570 250 578 
357 283 240 288 408 352 192 363 379 412 239 421 334 416 261 421 367 459 251 467 352 570 250 578 
356 282 240 287 398 353 195 364 378 410 241 418 333 415 260 421 367 459 252 466 352 570 250 578 
354 277 240 284 391 351 198 361 376 407 242 413 331 413 260 418 368 459 252 466 352 570 250 578 
354 276 240 281 389 350 200 358 375 404 241 410 331 412 260 417 368 459 252 465 352 570 250 578 
354 276 240 280 390 351 200 357 374 402 240 407 331 412 260 417 367 457 252 460 352 570 250 578 
354 276 240 280 390 351 200 355 373 400 239 405 331 411 260 416 365 451 252 451 352 570 250 577 
354 276 241 279 389 350 200 354 371 399 238 404 332 410 260 415 363 447 251 445 352 569 250 577 
354 275 242 278 389 349 201 353 370 399 238 403 332 409 261 414 362 442 251 444 352 569 250 577 
354 274 243 278 390 348 202 352 370 398 237 403 332 408 263 414 361 439 251 439 353 569 250 576 
354 274 244 278 390 347 203 351 370 396 237 402 332 408 264 414 360 439 251 441 353 569 250 575 
354 274 246 278 390 346 204 351 369 394 237 398 332 407 265 412 360 438 251 438 353 569 249 572 
354 274 247 277 390 346 206 350 369 392 236 396 332 407 266 412 359 437 251 437 353 567 249 571 
354 274 248 277 390 346 208 348 368 391 236 394 332 406 266 410 358 437 250 437 349 560 249 566 
354 274 249 277 389 346 211 347 367 390 237 394 332 405 267 409 357 437 250 438 346 553 249 562 
354 273 249 277 389 345 213 346 366 390 239 393 332 405 267 408 356 438 251 439 344 552 250 560 
354 273 249 277 389 345 212 346 365 390 240 393 332 404 267 407 354 438 251 439 343 551 251 558 
354 273 249 277 390 345 211 346 365 390 240 393 332 403 267 406 353 438 251 440 343 549 251 556 
354 273 249 277 392 344 210 347 365 391 241 394 332 403 267 406 353 438 251 440 343 549 252 554 
354 274 247 278 394 344 206 348 365 393 240 395 332 403 267 406 353 439 251 439 343 548 252 553 
353 276 245 280 399 344 200 349 365 394 240 396 333 403 267 407 352 438 251 439 343 548 252 552 
351 280 243 283 402 344 193 350 364 395 240 398 332 404 267 408 349 437 251 438 342 548 252 551 
349 284 241 288 404 344 187 350 364 396 240 399 332 406 266 412 346 434 250 435 342 548 252 550 
348 286 238 290 406 341 182 349 364 397 237 399 332 408 266 415 344 432 248 435 341 548 252 550 
348 284 237 289 407 339 180 343 365 397 234 400 331 408 264 414 342 432 247 433 340 548 251 550 
348 276 235 278 406 335 181 338 363 397 232 400 330 398 261 402 342 432 245 432 340 548 251 550 
348 257 232 259 400 325 183 327 360 393 231 399 329 375 260 378 341 432 244 433 340 548 251 550 
348 233 231 232 393 313 185 316 356 386 230 396 327 360 259 363 341 427 244 432 340 548 251 550 
347 207 227 210 381 299 192 300 352 375 229 385 324 347 257 349 340 428 243 433 341 549 250 551 
346 183 225 185 369 281 201 281 352 361 228 366 323 333 256 336 340 429 243 434 341 549 250 551 
342 152 222 152 362 250 200 248 354 331 220 339 319 318 252 321 337 428 243 434 341 548 250 551 
340 133 218 136 362 231 198 231 354 315 210 325 318 311 248 315 336 430 243 438 340 548 250 551 
339 128 215 130 363 222 191 225 356 307 201 319 318 311 246 315 331 430 243 439 335 546 250 550 
339 130 214 133 364 222 187 226 359 305 193 321 319 315 247 320 327 436 243 443 324 543 250 550 
340 130 215 131 363 224 186 225 363 308 188 323 319 318 248 322 326 440 243 444 316 549 249 550 
341 130 216 129 363 224 186 224 368 311 190 322 319 318 248 322 326 445 244 447 319 568 249 550 
345 130 217 130 365 231 188 228 372 318 195 327 322 319 249 324 332 450 244 451 331 584 249 551 
354 133 223 130 365 236 193 230 378 323 197 331 324 324 250 327 341 460 245 452 350 606 249 551 
369 139 230 132 374 241 203 234 385 331 208 333 334 330 257 328 355 474 245 456 357 616 251 551 
385 138 242 130 395 244 219 236 396 341 220 335 351 331 271 330 363 477 250 455 359 623 251 550 
402 132 260 122 413 244 233 231 411 341 233 335 367 331 286 329 374 479 262 456 361 624 252 547 
419 121 281 110 431 238 247 221 434 338 244 333 385 329 304 328 384 481 296 462 363 626 263 544 
437 112 296 100 452 226 259 215 462 330 256 333 396 330 315 328 388 490 320 481 365 626 287 568 
455 106 308 95 476 225 269 217 493 330 266 334 412 330 331 328 393 498 349 491 363 629 326 629 
478 105 325 97 507 227 284 221 542 334 279 340 432 332 355 331 402 495 389 505 370 621 391 670 
498 106 341 98 531 230 300 222 573 338 289 358 453 339 376 340 414 498 407 522 371 617 424 679 
516 106 358 101 557 231 314 237 600 341 301 380 476 349 398 354 434 502 437 539 378 615 457 711 
